WF016
WF023
WF027
WF030
WF032
WF041
WF049
WF113
WF115
WF117
WF119
WF120
WF148
WF178
WF235
WF456
WF458
WF459
1
2
4
9
23
24
29
40
41
46
49
52
55
59
66
69
71
83
89
95
106
113
116
119
123
125
128
129
130
134
137
138
141
152
154
155
156
157
160
167
171
178
180
183
188
191
199
207
209
213
217
220
221
226
228
231
234
238
246
249
251
252
253
258
259
266
275
277
279
284
286
289
294
295
298
315
316
322
324
335
336
338
343
344
345
349
350
352
353
354
365
369
379
380
381
390
394
404
406
429
438
439
445
453
47
48
74
92
97
111
164
172
173
181
182
193
194
203
210
214
216
224
232
235
237
255
264
281
306
312
319
321
337
351
358
359
370
377
399
414
422
431
433
435
440
442
447
451
