WF016
WF023
WF027
WF030
WF032
WF041
WF049
WF113
WF115
WF117
WF118
WF119
WF148
WF178
WF235
WF458
WF459
001
002
004
009
023
024
029
040
041
046
048
049
052
055
059
066
069
071
074
083
089
092
095
106
111
113
116
119
123
125
128
129
130
134
137
138
141
152
154
155
156
157
160
164
167
171
172
178
180
181
182
183
188
191
193
194
199
203
207
209
210
213
214
216
217
220
221
224
226
228
231
232
234
235
237
238
246
249
252
255
255
258
259
264
266
275
277
279
281
284
286
288
289
294
295
298
306
312
315
316
319
322
324
335
336
337
338
343
344
345
349
350
351
352
353
354
358
359
365
369
370
379
380
381
390
394
399
404
406
414
422
429
431
433
435
438
439
445
447
451
453
